959687241681
959699067905
9596963748850
959678677461
959668180193
959673890684
959661154694
959652651050
9596969134748
959686158841
959677040665
959670486906
959699229554
959699244239
959689282858
959699669529
9596968143645
959652074978
959661833000
959668118090
959668763576
959685588771
959686720254
959663605558
959669272858
959672571948
959689452432
959699552426
959669906005
959686654845
9596967381547
959685753087
959689163660
959689713101
959699792011
959688359048
959699883910
959668624314
959686923154
959689120785
959684558050
959653426309
959668223313
959673812873
959687057893
9596964952396
959679033282
959687226247
959685548911
959670271234
959668004256
959685548374
959691459952
959685187543
959685417524
959676536036
959698628437
959677281073
959675459789
959669576487
959688535792
9596960412614
959671178012
959688270837
959677193775
9596963056676
959677207983
959670412201
959695376040
959698784918
959675853899
9596961588827
959696182143
959699520601
959676459635
959671465438
959667612018
959697229947
959695275724
959697053058
959668625459
959678361665
959674046116
959654188883
959669330293
959684398976
959686675963
959696592332
959686475702
959686017859
959670750186
959664313474
959669463374
959668469423
959689872868
959686644057
959652328869
959669650219
959689477045
959673803264
959672594341
959653338247
959696205982
959666114150
959669777150
959690684742
959686780886
959671986910
959677341927
959672629492
959677668182
959671905315
959677716411
959699546873
9596963725870
959699205840
959652424134
959674688077
959669419571
959695584676
959687678344
959653080881
959687986922
959699983918
959685622622
959698595161
959670613308
959699234445
9596967634648
959684901465
959699273468
959697823848
959685549654
959671195395
959676016200
959667405634
959687404939
959683425896
959671758336
959685424393
959687336618
959673160794
959690679350
959672026185
959696628667
959673425061
959670988442
959697137524
959699759492
959692929590
959653913041
959669113534
959695092593
959670253834
959652438970
959689071569
959659974268
959661870632
959696752310
9596960891111
959667467315
959661649003
959683486585
959692603648
959661016182
959690831198
959689889995
959696413452
959687100789
959661648993
959661991593
959668497789
959699802751
959695693485
959685825157
959659469994
959661524381
959670213837
9596969822305
959677290878
959697108991
959696952667
959699460781
959660944332
959668023935
9596962802293
959676512782
959685767839
959696023290
959661233001
9596963116761
959672320718
959658260952
959696137600
959697489104
959693630324
959696709170
959667589723
959688983510
959669963204
959699647954
9596967724062
959675722354
959672119564
959697999464
959686299972
959698823877
959688891012
959689258756
959699804082
959652545221
959652014225
959653492439
959698701179
959677038555
959672532318
959669741699
959659583909
959696644487
959699947080
959686940226
959699724194
959695782494
9596964339884
959689229603
959688408582
959661012368
959677404225
959671415855
959698843374
959685685324
959687993301
959687382050
959671790683
9596965051935
959697120139
959675905462
9596968020504
959668437745
959678514945
959671999351
959699058674
9596967698233
959675847785
959688373347
959688694345
959675379397
959653292738
959686004115
959683993200
959675647514
959667753383
959699073596
959687154043
959670888309
959673361228
959671572169
959677780309
959698377958
959686979114
959675390591
959653151235
959668217407
959696122204
959658039279
959689001511
959686773743
959650555686
959661174999
959697290781
959676700255
959664505368
959670653023
959699310767
959689901587
959693707606
959687157804
959654725841
959697832223
9596965036544
959659826934
959678648939
959668697160
959653578632
959676435600
959696426183
959652465843
959678965037
959676659037
959675598985
959669747529
959654449021
959653439817
959674421100
959669443937
959687453725
959681635834
959673111431
959696645232
959673455573
959685152578
959695790828
959652211155
959669505641
959693831013
959667325084
9596968490973
959656293183
9596967418174
959670907997
959653932098
959672751583
959662347563
959696780520
959685845016
959673522216
959676101959
959686019697
959674185539
959669593391
959675817334
959659067122
959653979513
959695609161
959653046838
959672514888
959676868874
959694799771
959661918325
959686135572
9596965768910
959698506024
959671200475
959696757489
959661966062
959696792211
959683631713
959684704893
959686921038
959696981023
959694183914
959678898605
959675773399
959688157559
959688417300
959695269114
959684356014
959657688584
959654975280
959698475075
959686031987
959695037694
959684709427
959694017475
959669230523
959670615668
959686007956
959696625143
959683164475
959652703881
959652481596
9596968527124
959673285749
959686155477
959674819151
959680577329
959671542268
959672246605
959686447341
959683414226
959671063585
959676787053
959674969760
959672217839
959697114050
959699695501
959685524987
959667239683
959653548573
959676846460
959652712332
959674466374
959661400149
959661515938
959670337816
959696094976
959652571024
959699620149
9596967705286
959670591687
959652502350
959653427580
959653278716
959658347097
959697055437
959669627679
959659383821
959667011980
9596962598689
959680156535
959671152881
959689270676
959672299615
959671378223
959697610258
959686334110
959693688971
959695137631
959674458654
959688740352
959673595552
959689359350
959683180113
959669567871
959672025849
9596960320827
959669763323
959653897188
959661302617
959683424787
959654030680
959685083711
959674167151
959677939552
959698216441
959671652812
959677534521
959684798384
959689991348
9596966655818
959678265118
959673744695
959698866942
959694202700
959661841329
959696574533
959652732324
959686416214
959652010411
959674247019
959683153375
959677731548
959683532920
959675006414
959668009753
959695359783
959670185645
959668380122
959676353502
959684244282
959669386642
959698064108
959695785827
959674898691
959697797854
959698302881
9596969930448
959697992896
959675445186
959678485477
9596966973649
9596967729344
959670082385
959699006554
959676717994
959698682373
959697484288
959652621397
959698078088
959699221368
959671153003
959665251292
959695789606
959696373287
959675637739
959676795950
959694350268
959695992712
959672458704
959678398661
959653256865
959684782168
959677703799
959685336083
959658192768
959688890471
959670500340
959653404717
959694151584
959685745935
959696584288
959668681792
959698452218
959653112956
959683436219
959673061840
959696725918
959672175791
959674433446
959676990912